Processing file: /path/to/your/project/*.py
Running command: /Users/ricky/mambaforge/bin/python Project1.py TREE o BU4DFE_BND_V1.1

[[2730 1978 1348 1346 2194 1113]
 [1974 2549 1798 1566 1405  942]
 [1300 1328 1682 1226 1308 1309]
 [1037 1257 1416 2830 1397  821]
 [1292 1120 1089  819 1715  837]
 [1791 1939 2711 2186 2123 4926]]
Precision:  0.26620613671607524
Recall:  0.2726289653139571
Accuracy:  0.2720439720539055

Running command: /Users/ricky/mambaforge/bin/python Project1.py TREE t BU4DFE_BND_V1.1

[[3298 1675 1021  683 2061  768]
 [1988 3509 1770 1384 1735  915]
 [1176 1322 2262 1880 1085 1772]
 [ 972 1542 1867 4728  680  797]
 [1935  933 1104  512 2884  752]
 [ 755 1190 2020  786 1697 4944]]
Precision:  0.3552352580077655
Recall:  0.35856608897523917
Accuracy:  0.358017946425615

Running command: /Users/ricky/mambaforge/bin/python Project1.py TREE x BU4DFE_BND_V1.1

[[2513 1835 1463 1045 2104  794]
 [2041 2686 1492 1732 1941 1008]
 [1170 1419 1794 1747 1258 1394]
 [1250 1312 1604 3033 1205  813]
 [1274 1149 1048  794 1670  775]
 [1876 1770 2643 1622 1964 5164]]
Precision:  0.27161056862279537
Recall:  0.27980042522244486
Accuracy:  0.2791298301380749

Running command: /Users/ricky/mambaforge/bin/python Project1.py TREE y BU4DFE_BND_V1.1

[[2347 2032 1413 1307 1937 1115]
 [1965 2347 1679 1962 1521  897]
 [1178 1309 1720 1345 1476 1144]
 [1304 1167 1674 2737 1154  719]
 [1477 1006 1011  811 1631 1036]
 [1853 2310 2547 1811 2423 5037]]
Precision:  0.25495525727179597
Recall:  0.2625693857576854
Accuracy:  0.26189530148008344

Running command: /Users/ricky/mambaforge/bin/python Project1.py TREE z BU4DFE_BND_V1.1

[[2803 1721 1294 1343 1855  780]
 [2031 2575 1650 1622 2048 1057]
 [1443 1497 1541 1355 1271 1240]
 [ 932 1203 1635 2483 1318  735]
 [1329 1162 1202  895 1777 1155]
 [1586 2013 2722 2275 1873 4981]]
Precision:  0.2604743684910451
Recall:  0.26805840580023715
Accuracy:  0.2675408099069567

