Processing file: /path/to/your/project/*.py
Running command: /Users/ricky/mambaforge/bin/python Project1.py RF o BU4DFE_BND_V1.1

[[4254 1683 1434 1315 3165  624]
 [1740 3564 2050 1475 1289  719]
 [ 746 1265 1492 1049 1225  917]
 [ 732 1181 1432 4041  661  449]
 [ 893  657  878  411 1648  643]
 [1759 1821 2758 1682 2154 6596]]
Precision:  0.34716100649876364
Recall:  0.3583130907859409
Accuracy:  0.3575212741299957

Running command: /Users/ricky/mambaforge/bin/python Project1.py RF t BU4DFE_BND_V1.1

[[5136 1391  890  665 2588  590]
 [1438 5230 1632  742  847  842]
 [ 540  655 1816 1086  658  743]
 [ 448 1086 2100 6316  403  355]
 [2028  601  897  424 4966  734]
 [ 534 1208 2709  740  680 6684]]
Precision:  0.48510519265435476
Recall:  0.4995286134685042
Accuracy:  0.4991225456110725

Running command: /Users/ricky/mambaforge/bin/python Project1.py RF x BU4DFE_BND_V1.1

[[4285 1843 1503 1389 2977  675]
 [1620 3586 1911 1311 1405  727]
 [ 768 1288 1590 1360 1392 1136]
 [ 665 1014 1224 4065  740  471]
 [ 918  669  969  415 1620  570]
 [1868 1771 2847 1433 2008 6369]]
Precision:  0.3484171643467659
Recall:  0.35694795012611275
Accuracy:  0.35619681467501074

Running command: /Users/ricky/mambaforge/bin/python Project1.py RF y BU4DFE_BND_V1.1

[[4242 1698 1321 1203 2957  740]
 [1554 3490 1980 1287 1558  671]
 [ 588 1246 1596 1517 1480 1064]
 [ 593 1141 1339 4019  578  451]
 [1064  740  905  476 1505  584]
 [2083 1856 2903 1471 2064 6438]]
Precision:  0.3426865984889296
Recall:  0.3532639611406853
Accuracy:  0.35247177245786565

Running command: /Users/ricky/mambaforge/bin/python Project1.py RF z BU4DFE_BND_V1.1

[[4429 1687 1549 1428 3228  674]
 [1778 3399 1880 1522 1373  785]
 [ 651 1335 1509 1297 1377  905]
 [ 542 1211 1278 3736  581  486]
 [1079  632  967  411 1464  470]
 [1645 1907 2861 1579 2119 6628]]
Precision:  0.3391708391685098
Recall:  0.35118765624696713
Accuracy:  0.35040230455945165

