Processing file: /path/to/your/project/*.py
Running command: /Users/ricky/mambaforge/bin/python Project1.py SVM o BU4DFE_BND_V1.1

[[5388 2253 1355  901 3413 1003]
 [ 777 4106 1354 1045  286  870]
 [ 873 1547 3598 1700 1157 1526]
 [ 219  598 1456 5643  139  146]
 [2541 1030 1175  482 4991  883]
 [ 326  637 1106  202  156 5520]]
Precision:  0.5068707780142357
Recall:  0.48449107663706864
Accuracy:  0.48418926525611733

Running command: /Users/ricky/mambaforge/bin/python Project1.py SVM t BU4DFE_BND_V1.1

[[6473 2008 1203 1016 2722  936]
 [ 691 4993 1338  611  213  494]
 [ 552 1534 4196 1569  638 1317]
 [ 197  590 1462 6248   96  315]
 [2005  673 1136  444 6432  895]
 [ 206  373  709   85   41 5991]]
Precision:  0.5905086307728764
Recall:  0.5684927872983505
Accuracy:  0.5684083308499719

Running command: /Users/ricky/mambaforge/bin/python Project1.py SVM x BU4DFE_BND_V1.1

[[5523 2246 1413  926 3473 1033]
 [ 736 4154 1302  947  175  845]
 [ 860 1538 3612 1666 1143 1536]
 [ 186  601 1471 5720  151  129]
 [2521 1039 1139  506 5054  913]
 [ 298  593 1107  208  146 5492]]
Precision:  0.5135114819469987
Recall:  0.4895853799728458
Accuracy:  0.48930498990099663

Running command: /Users/ricky/mambaforge/bin/python Project1.py SVM y BU4DFE_BND_V1.1

[[5525 2232 1456  932 3483 1053]
 [ 734 4164 1265  845  155  832]
 [ 871 1554 3662 1662 1140 1539]
 [ 183  640 1468 5759  145  125]
 [2516 1029 1114  564 5075  912]
 [ 295  552 1079  211  144 5487]]
Precision:  0.5165999855260139
Recall:  0.49152494275246733
Accuracy:  0.49124201185391214

Running command: /Users/ricky/mambaforge/bin/python Project1.py SVM z BU4DFE_BND_V1.1

[[5531 2227 1463  933 3493 1060]
 [ 734 4165 1245  807  160  833]
 [ 881 1545 3700 1678 1112 1521]
 [ 175  649 1461 5773  153  129]
 [2510 1033 1117  574 5081  913]
 [ 293  552 1058  208  143 5492]]
Precision:  0.5181048686884826
Recall:  0.49268699712505476
Accuracy:  0.49240091387702395


